# Scale and canvas metadata
pixels_per_meter: 232.61163225702728
width_px: 1901
height_px: 2000
min_x_m: -5.272725200653076
max_x_m: 2.896351671218872
min_y_m: -0.7824923753738403
max_y_m: 7.815529918670654
pad_m: 0.1
